1790 (gnome-shell) 582254 41661 623915
2437 (chrome) 445682 122330 568012
7538 (zoom) 163233 81076 244309
1558 (pulseaudio) 60180 89983 150163
1648 (Xorg) 78917 71131 150048
1790 (gnome-shell) 582257 41661 623918
2437 (chrome) 445683 122330 568013
7538 (zoom) 163234 81078 244312
1558 (pulseaudio) 60180 89983 150163
1648 (Xorg) 78918 71133 150051
2383 (chrome) 97535 30128 127663
28986 (chrome) 97478 6135 103613
2439 (chrome) 42049 16269 58318
3880 (chrome) 46354 5026 51380
25806 (chrome) 38398 5110 43508
