1790 (gnome-shell) 582272 41666 623938
2437 (chrome) 445683 122330 568013
7538 (zoom) 163246 81087 244333
1558 (pulseaudio) 60180 89983 150163
1648 (Xorg) 78923 71141 150064
1790 (gnome-shell) 582275 41666 623941
2437 (chrome) 445683 122330 568013
7538 (zoom) 163247 81088 244335
1558 (pulseaudio) 60180 89983 150163
1648 (Xorg) 78923 71143 150066
2383 (chrome) 97539 30130 127669
28986 (chrome) 97478 6135 103613
2439 (chrome) 42053 16269 58322
3880 (chrome) 46356 5027 51383
25806 (chrome) 38398 5110 43508
4529 (chrome) 22734 17301 40035
9684 (chrome) 28173 2341 30514
