    PID CMD                         %CPU
  37485 /opt/google/chrome/chrome - 11.5
  37758 /opt/google/chrome/chrome -  9.6
  66037 /opt/google/chrome/chrome -  9.6
   1756 /usr/bin/gnome-shell         4.7
    PID CMD                         %CPU
  71067 /usr/libexec/tracker-extrac 25.5
  37485 /opt/google/chrome/chrome - 11.5
  37758 /opt/google/chrome/chrome -  9.6
  66037 /opt/google/chrome/chrome -  9.6
1756 (gnome-s621761 54680 676441
3255 (chrome)350706 110714 461420
67501 (chrome)343671 43335 387006
3220 (chrome)201489 57891 259380
1524 (pulseau90083 143262 233345
1756 (gnome-s621770 54680 676450
3255 (chrome)350706 110714 461420
1756 (gnome-s622298 54756 677054
3255 (chrome)350709 110716 461425
67501 (chrome)343674 43335 387009
3220 (chrome)201597 57928 259525
1524 (pulseau90084 143263 233347
1756 (gnome-s622302 54756 677058
3255 (chrome)350709 110716 461425
1756 (gnome-s622873 54833 677706
3255 (chrome)350714 110718 461432
67501 (chrome)343677 43336 387013
3220 (chrome)201686 57963 259649
1524 (pulseau90084 143263 233347
1756 (gnome-s622881 54833 677714
3255 (chrome)350714 110718 461432
67501 (chrome)343677 43336 387013
3220 (chrome)201688 57963 259651
1524 (pulseau90084 143263 233347
1756 (gnome-s623339 54893 678232
3255 (chrome)350716 110718 461434
1756 (gnome-s623342 54893 678235
3255 (chrome)350716 110718 461434
1756 (gnome-s625977 55278 681255
3255 (chrome)350829 110761 461590
1756 (gnome-s625983 55278 681261
3255 (chrome)350829 110761 461590
1756 (gnome-s627280 55442 682722
3255 (chrome)350834 110761 461595
1756 (gnome-s627287 55442 682729
3255 (chrome)350834 110761 461595
1756 (gnome-s627879 55507 683386
3255 (chrome)350835 110762 461597
1756 (gnome-s627881 55508 683389
3255 (chrome)350835 110762 461597
1756 (gnome-s628888 55634 684522
3255 (chrome)350838 110763 461601
67501 (chrome)343722 43344 387066
3220 (chrome)202137 58108 260245
1615 (Xorg)  135588 100455 236043
1756 (gnome-s628890 55635 684525
3255 (chrome)350838 110763 461601
67501 (chrome)343722 43344 387066
3220 (chrome)202137 58108 260245
1615 (Xorg)  135589 100456 236045
1756 (gnome-s628928 55640 684568
3255 (chrome)350838 110763 461601
1756 (gnome-s628932 55640 684572
3255 (chrome)350838 110763 461601
1756 (gnome-s628974 55644 684618
3255 (chrome)350838 110763 461601
67501 (chrome)343722 43345 387067
3220 (chrome)202138 58109 260247
1615 (Xorg)  135633 100474 236107
1524 (pulseau90089 143270 233359
1526 (tracker125339 3304 128643
3807 (chrome)49904 43912 93816
37485 (chrome)77729 12614 90343
3259 (chrome)62081 27396 89477
17165 (chrome)38103 4705 42808
17208 (chrome)32502 4679 37181
239 (irq/51-0 15309 15309
866 (mysqld)7116 7567 14683
85541 (chrome)9629 595 10224
81754 (chrome)8927 773 9700
643 (Network4708 3700 8408
17190 (chrome)6994 1014 8008
17089 (chrome)6622 678 7300
13 (rcu_sch0 5911 5911
1756 (gnome-s628985 55646 684631
3255 (chrome)350838 110763 461601
67501 (chrome)343722 43345 387067
3220 (chrome)202139 58109 260248
1615 (Xorg)  135636 100475 236111
1524 (pulseau90089 143270 233359
1526 (tracker125443 3306 128749
3807 (chrome)49904 43912 93816
37485 (chrome)77729 12614 90343
3259 (chrome)62081 27397 89478
1756 (gnome-s629049 55657 684706
3255 (chrome)350839 110763 461602
67501 (chrome)343722 43345 387067
3220 (chrome)202143 58110 260253
1615 (Xorg)  135667 100495 236162
1524 (pulseau90089 143270 233359
1526 (tracker125855 3314 129169
3807 (chrome)49904 43912 93816
37485 (chrome)77730 12614 90344
3259 (chrome)62083 27397 89480
17165 (chrome)38104 4705 42809
17208 (chrome)32502 4679 37181
239 (irq/51-0 15311 15311
866 (mysqld)7118 7571 14689
85541 (chrome)9629 595 10224
81754 (chrome)8927 773 9700
643 (Network4708 3700 8408
17190 (chrome)6994 1014 8008
17089 (chrome)6622 678 7300
13 (rcu_sch0 5913 5913
418 (irq/1370 5689 5689
72975 (chrome)3839 555 4394
424 (irq/1400 4287 4287
17320 (chrome)2779 936 3715
1589 (goa-dae3134 185 3319
88125 (sublime2761 134 2895
17330 (chrome)2087 746 2833
642 (dbus-da2310 347 2657
80545 (chrome)2374 161 2535
2043 (snap-st1681 604 2285
72940 (chrome)1817 326 2143
1807 (at-spi2995 1114 2109
1957 (kdeconn1182 927 2109
17278 (chrome)1223 470 1693
17247 (chrome)1304 376 1680
17259 (chrome)1216 445 1661
17131 (chrome)1212 420 1632
16997 (evince)1436 155 1591
83909 (chrome)1453 132 1585
17306 (chrome)1135 391 1526
1756 (gnome-s629053 55657 684710
3255 (chrome)350839 110763 461602
67501 (chrome)343722 43345 387067
3220 (chrome)202143 58110 260253
1615 (Xorg)  135667 100496 236163
1524 (pulseau90089 143270 233359
1526 (tracker125955 3316 129271
3807 (chrome)49904 43912 93816
37485 (chrome)77730 12614 90344
3259 (chrome)62083 27397 89480
1756 (gnome-s705002 61142 766144
3255 (chrome)394949 122438 517387
3220 (chrome)220897 62822 283719
1756 (gnome-s705079 61158 766237
3255 (chrome)395493 122602 518095
3220 (chrome)221125 62867 283992
1615 (Xorg)  147051 109845 256896
1756 (gnome-s705090 61162 766252
3255 (chrome)395570 122622 518192
3220 (chrome)221162 62872 284034
1615 (Xorg)  147071 109859 256930
1756 (gnome-s977564 79694 1057258
3255 (chrome)585126 172659 757785
3220 (chrome)259024 73464 332488
1615 (Xorg)  179182 139939 319121
1524 (pulseau117477 184938 302415
1756 (gnome-s977565 79695 1057260
3255 (chrome)585126 172659 757785
3220 (chrome)259025 73464 332489
1615 (Xorg)  179182 139940 319122
1524 (pulseau117477 184938 302415
1756 (gnome-s978503 79843 1058346
3255 (chrome)585127 172659 757786
3220 (chrome)259054 73477 332531
1615 (Xorg)  179591 140156 319747
1524 (pulseau117479 184939 302418
1756 (gnome-s978504 79844 1058348
3255 (chrome)585127 172659 757786
3220 (chrome)259054 73477 332531
1615 (Xorg)  179592 140157 319749
1524 (pulseau117479 184939 302418
1756 (gnome-s978994 79923 1058917
3255 (chrome)585127 172659 757786
3220 (chrome)259112 73491 332603
1615 (Xorg)  179840 140293 320133
1524 (pulseau117480 184939 302419
1526 (tracker133701 3483 137184
3259 (chrome)90298 39884 130182
3807 (chrome)63294 55425 118719
866 (mysqld)9430 10088 19518
239 (irq/51-0 18494 18494
1756 (gnome-s978999 79923 1058922
3255 (chrome)585127 172659 757786
3220 (chrome)259112 73491 332603
1615 (Xorg)  179840 140294 320134
1524 (pulseau117480 184939 302419
1756 (gnome-s979709 80010 1059719
3255 (chrome)585128 172659 757787
3220 (chrome)259131 73497 332628
1756 (gnome-s979713 80010 1059723
3255 (chrome)585128 172659 757787
3220 (chrome)259131 73497 332628
1756 (gnome-s979716 80010 1059726
3255 (chrome)585128 172659 757787
3220 (chrome)259131 73497 332628
1756 (gnome-s979769 80019 1059788
3255 (chrome)585128 172659 757787
3220 (chrome)259133 73498 332631
1615 (Xorg)  180188 140480 320668
1524 (pulseau117480 184940 302420
1756 (gnome-s979771 80019 1059790
3255 (chrome)585128 172659 757787
3220 (chrome)259133 73498 332631
1615 (Xorg)  180188 140480 320668
1524 (pulseau117480 184940 302420
1756 (gnome-s979776 80019 1059795
3255 (chrome)585128 172659 757787
3220 (chrome)259133 73498 332631
1615 (Xorg)  180189 140480 320669
1524 (pulseau117480 184940 302420
1756 (gnome-s980660 80130 1060790
3255 (chrome)585128 172659 757787
3220 (chrome)259148 73502 332650
1615 (Xorg)  180593 140637 321230
1524 (pulseau117480 184941 302421
1756 (gnome-s981020 80162 1061182
3255 (chrome)585128 172659 757787
3220 (chrome)259154 73504 332658
1615 (Xorg)  180729 140704 321433
1524 (pulseau117480 184941 302421
1756 (gnome-s981021 80162 1061183
3255 (chrome)585128 172659 757787
3220 (chrome)259154 73504 332658
1615 (Xorg)  180729 140704 321433
1524 (pulseau117480 184941 302421
1756 (gnome-s981022 80162 1061184
3255 (chrome)585128 172659 757787
3220 (chrome)259154 73504 332658
1615 (Xorg)  180730 140704 321434
1524 (pulseau117480 184941 302421
1756 (gnome-s981072 80169 1061241
3255 (chrome)585128 172659 757787
1756 (gnome-s981072 80169 1061241
3255 (chrome)585128 172659 757787
1756 (gnome-s981074 80169 1061243
3255 (chrome)585128 172659 757787
1756 (gnome-s981181 80181 1061362
3255 (chrome)585128 172659 757787
1756 (gnome-s981182 80181 1061363
3255 (chrome)585128 172659 757787
1756 (gnome-s981189 80183 1061372
3255 (chrome)585128 172659 757787
1756 (gnome-shell) 999944 82683 1082627
3255 (chrome) 585168 172676 757844
1615 (Xorg) 189437 144799 334236
3220 (chrome) 259695 73718 333413
1524 (pulseaudio) 117493 184958 302451
1756 (gnome-shell) 999945 82683 1082628
3255 (chrome) 585168 172676 757844
1615 (Xorg) 189437 144800 334237
3220 (chrome) 259695 73718 333413
1524 (pulseaudio) 117493 184958 302451
1756 (gnome-shell) 999946 82683 1082629
3255 (chrome) 585168 172676 757844
1615 (Xorg) 189438 144800 334238
3220 (chrome) 259695 73718 333413
1524 (pulseaudio) 117493 184958 302451
1756 (gnome-shell) 999951 82683 1082634
3255 (chrome) 585168 172676 757844
1615 (Xorg) 189438 144800 334238
3220 (chrome) 259695 73718 333413
1524 (pulseaudio) 117493 184958 302451
1756 (gnome-shell) 999952 82683 1082635
3255 (chrome) 585168 172676 757844
1615 (Xorg) 189438 144800 334238
3220 (chrome) 259695 73718 333413
1524 (pulseaudio) 117493 184958 302451
1756 (gnome-shell) 999954 82683 1082637
3255 (chrome) 585168 172676 757844
1615 (Xorg) 189439 144801 334240
3220 (chrome) 259695 73718 333413
1524 (pulseaudio) 117493 184958 302451
1756 (gnome-shell) 999956 82683 1082639
3255 (chrome) 585168 172676 757844
1615 (Xorg) 189439 144801 334240
3220 (chrome) 259696 73718 333414
1524 (pulseaudio) 117493 184958 302451
1756 (gnome-shell) 999977 82687 1082664
3255 (chrome) 585168 172676 757844
1615 (Xorg) 189452 144808 334260
3220 (chrome) 259696 73719 333415
1524 (pulseaudio) 117493 184958 302451
1526 (tracker-miner-f) 161854 4052 165906
3259 (chrome) 90714 40014 130728
3807 (chrome) 63296 55427 118723
866 (mysqld) 9801 10443 20244
239 (irq/51-DELL089C) 0 19782 19782
1756 (gnome-shell) 999980 82687 1082667
3255 (chrome) 585168 172676 757844
1615 (Xorg) 189452 144809 334261
3220 (chrome) 259696 73719 333415
1524 (pulseaudio) 117493 184958 302451
1526 (tracker-miner-f) 161946 4054 166000
3259 (chrome) 90714 40014 130728
3807 (chrome) 63296 55427 118723
866 (mysqld) 9802 10443 20245
239 (irq/51-DELL089C) 0 19782 19782
1756 (gnome-shell) 999982 82687 1082669
3255 (chrome) 585168 172676 757844
1615 (Xorg) 189452 144809 334261
3220 (chrome) 259696 73719 333415
1524 (pulseaudio) 117493 184958 302451
1526 (tracker-miner-f) 161994 4055 166049
3259 (chrome) 90714 40014 130728
3807 (chrome) 63296 55427 118723
866 (mysqld) 9802 10443 20245
239 (irq/51-DELL089C) 0 19782 19782
643 (NetworkManager) 5718 4646 10364
13 (rcu_sched) 0 8424 8424
1756 (gnome-shell) 999987 82687 1082674
3255 (chrome) 585168 172676 757844
1615 (Xorg) 189453 144810 334263
3220 (chrome) 259696 73719 333415
1524 (pulseaudio) 117493 184958 302451
1526 (tracker-miner-f) 162098 4057 166155
3259 (chrome) 90714 40014 130728
3807 (chrome) 63296 55427 118723
866 (mysqld) 9802 10443 20245
239 (irq/51-DELL089C) 0 19782 19782
643 (NetworkManager) 5718 4646 10364
13 (rcu_sched) 0 8424 8424
418 (irq/137-iwlwifi) 0 7867 7867
93131 (chrome) 7082 693 7775
424 (irq/140-iwlwifi) 0 5843 527041807 (at-spi2-registr) 1312 1392 
27041807 (at-spi2-registr) 1312 1392 
1756 (gnome-shell) 999989 82687 1082676
3255 (chrome) 585168 172676 757844
1615 (Xorg) 189454 144810 334264
3220 (chrome) 259696 73720 333416
1524 (pulseaudio) 117493 184958 302451
1526 (tracker-miner-f) 162265 4060 166325
3259 (chrome) 90714 40014 130728
3807 (chrome) 63296 55427 118723
866 (mysqld) 9802 10443 20245
239 (irq/51-DELL089C) 0 19782 19782
1756 (gnome-shell) 1005553 83461 1089014
3255 (chrome) 590070 174301 764371
1615 (Xorg) 191849 146386 338235
3220 (chrome) 260516 74034 334550
1524 (pulseaudio) 118263 186036 304299
1756 (gnome-shell) 1005556 83462 1089018
3255 (chrome) 590089 174306 764395
1615 (Xorg) 191851 146389 338240
3220 (chrome) 260517 74035 334552
1524 (pulseaudio) 118264 186038 304302
1756 (gnome-shell) 1005558 83463 1089021
3255 (chrome) 590099 174308 764407
1615 (Xorg) 191852 146390 338242
3220 (chrome) 260518 74035 334553
1524 (pulseaudio) 118264 186040 304304
1756 (gnome-shell) 1005560 83463 1089023
3255 (chrome) 590104 174309 764413
1615 (Xorg) 191854 146390 338244
3220 (chrome) 260518 74035 334553
1524 (pulseaudio) 118264 186041 304305
1756 (gnome-shell) 1005563 83463 1089026
3255 (chrome) 590109 174311 764420
1615 (Xorg) 191855 146391 338246
3220 (chrome) 260518 74035 334553
1524 (pulseaudio) 118265 186041 304306
1756 (gnome-shell) 1005564 83464 1089028
3255 (chrome) 590115 174312 764427
1615 (Xorg) 191856 146391 338247
3220 (chrome) 260518 74035 334553
1524 (pulseaudio) 118265 186042 304307
1756 (gnome-shell) 1005567 83464 1089031
3255 (chrome) 590119 174313 764432
1615 (Xorg) 191857 146392 338249
3220 (chrome) 260518 74035 334553
1524 (pulseaudio) 118266 186042 304308
1756 (gnome-shell) 1005569 83464 1089033
3255 (chrome) 590122 174315 764437
1615 (Xorg) 191858 146392 338250
3220 (chrome) 260518 74035 334553
1524 (pulseaudio) 118266 186043 304309
1756 (gnome-shell) 1005571 83464 1089035
3255 (chrome) 590125 174316 764441
1615 (Xorg) 191858 146393 338251
3220 (chrome) 260518 74035 334553
1524 (pulseaudio) 118266 186043 304309
1756 (gnome-shell) 1005573 83464 1089037
3255 (chrome) 590128 174316 764444
1615 (Xorg) 191859 146393 338252
3220 (chrome) 260518 74035 334553
1524 (pulseaudio) 118267 186043 304310
1756 (gnome-shell) 1005574 83465 1089039
3255 (chrome) 590131 174316 764447
1615 (Xorg) 191860 146394 338254
3220 (chrome) 260518 74035 334553
1524 (pulseaudio) 118267 186044 304311
1756 (gnome-shell) 1005577 83465 1089042
3255 (chrome) 590134 174317 764451
1615 (Xorg) 191861 146394 338255
3220 (chrome) 260518 74035 334553
1524 (pulseaudio) 118268 186044 304312
1756 (gnome-shell) 1005579 83465 1089044
1756 (gnome-shell) 1005581 83466 1089047
3255 (chrome) 590142 174320 764462
1756 (gnome-shell) 1005583 83466 1089049
3255 (chrome) 590147 174322 764469
1615 (Xorg) 191864 146395 338259
1756 (gnome-shell) 1005585 83466 1089051
3255 (chrome) 590151 174322 764473
1615 (Xorg) 191865 146396 338261
3220 (chrome) 260519 74035 334554
1756 (gnome-shell) 1005588 83466 1089054
3255 (chrome) 590154 174323 764477
1615 (Xorg) 191865 146397 338262
3220 (chrome) 260519 74035 334554
1524 (pulseaudio) 118269 186047 304316
1756 (gnome-shell) 1012985 84466 1097451
3255 (chrome) 599091 176644 775735
1615 (Xorg) 195533 148688 344221
3220 (chrome) 260839 74183 335022
1524 (pulseaudio) 119740 188028 307768
1756 (gnome-shell) 1012986 84466 1097452
3255 (chrome) 599091 176644 775735
1615 (Xorg) 195533 148688 344221
3220 (chrome) 260839 74183 335022
1524 (pulseaudio) 119740 188030 307770
1526 (tracker-miner-f) 171552 4296 175848
3259 (chrome) 91923 40529 132452
3807 (chrome) 64257 56191 120448
105963 (chrome) 66850 17208 84058
866 (mysqld) 10163 10857 21020
239 (irq/51-DELL089C) 0 20295 20295
643 (NetworkManager) 5766 4686 10452
1756 (gnome-shell) 1012989 84466 1097455
3255 (chrome) 599091 176644 775735
1615 (Xorg) 195534 148689 344223
3220 (chrome) 260840 74183 335023
1524 (pulseaudio) 119742 188032 307774
1526 (tracker-miner-f) 171685 4298 175983
3259 (chrome) 91923 40529 132452
3807 (chrome) 64258 56192 120450
105963 (chrome) 66854 17210 84064
866 (mysqld) 10163 10857 21020
1756 (gnome-shell) 1013054 84481 1097535
3255 (chrome) 599091 176645 775736
1615 (Xorg) 195556 148706 344262
3220 (chrome) 260845 74185 335030
1524 (pulseaudio) 119784 188097 307881
1756 (gnome-shell) 1013083 84484 1097567
3255 (chrome) 599091 176645 775736
1615 (Xorg) 195565 148714 344279
3220 (chrome) 260847 74186 335033
1756 (gnome-shell) 1013086 84485 1097571
3255 (chrome) 599091 176645 775736
1615 (Xorg) 195566 148714 344280
3220 (chrome) 260847 74186 335033
1524 (pulseaudio) 119800 188120 307920
1756 (gnome-shell) 1015134 84730 1099864
3255 (chrome) 600753 177202 777955
1615 (Xorg) 196589 149273 345862
3220 (chrome) 260988 74231 335219
1524 (pulseaudio) 120172 188588 308760
1756 (gnome-shell) 1015186 84740 1099926
3255 (chrome) 600969 177276 778245
1615 (Xorg) 196638 149315 345953
3220 (chrome) 260991 74233 335224
1524 (pulseaudio) 120201 188629 308830
1756 (gnome-shell) 1015354 84758 1100112
3255 (chrome) 601176 177336 778512
1615 (Xorg) 196732 149374 346106
3220 (chrome) 260995 74234 335229
1524 (pulseaudio) 120232 188662 308894
1526 (tracker-miner-f) 174704 4370 179074
3259 (chrome) 92011 40563 132574
3807 (chrome) 64455 56350 120805
105963 (chrome) 71244 18284 89528
866 (mysqld) 10204 10894 21098
1756 (gnome-shell) 1015357 84758 1100115
3255 (chrome) 601184 177338 778522
1615 (Xorg) 196733 149376 346109
3220 (chrome) 260996 74235 335231
1524 (pulseaudio) 120233 188663 308896
1526 (tracker-miner-f) 174801 4372 179173
3259 (chrome) 92011 40563 132574
3807 (chrome) 64455 56350 120805
105963 (chrome) 71253 18287 89540
866 (mysqld) 10204 10894 21098
239 (irq/51-DELL089C) 0 20419 20419
1756 (gnome-shell) 1015360 84758 1100118
3255 (chrome) 601196 177341 778537
1615 (Xorg) 196735 149377 346112
3220 (chrome) 260996 74235 335231
1524 (pulseaudio) 120234 188665 308899
1756 (gnome-shell) 1015391 84762 1100153
3255 (chrome) 601445 177446 778891
1615 (Xorg) 196767 149426 346193
1756 (gnome-shell) 1015395 84762 1100157
3255 (chrome) 601457 177449 778906
1615 (Xorg) 196771 149427 346198
3220 (chrome) 261004 74238 335242
1524 (pulseaudio) 120278 188710 308988
1526 (tracker-miner-f) 175311 4384 179695
3259 (chrome) 92027 40571 132598
3807 (chrome) 64472 56363 120835
105963 (chrome) 71728 18437 90165
866 (mysqld) 10206 10897 21103
239 (irq/51-DELL089C) 0 20420 20420
643 (NetworkManager) 5770 4689 10459
1756 (gnome-shell) 1018356 85128 1103484
3255 (chrome) 605544 178818 784362
1615 (Xorg) 198352 150529 348881
3220 (chrome) 261078 74281 335359
1524 (pulseaudio) 120868 189466 310334
1756 (gnome-shell) 1018371 85130 1103501
3255 (chrome) 605787 178907 784694
1615 (Xorg) 198376 150578 348954
3220 (chrome) 261081 74283 335364
1756 (gnome-shell) 1018399 85136 1103535
3255 (chrome) 605877 178943 784820
1615 (Xorg) 198398 150597 348995
3220 (chrome) 261083 74283 335366
1756 (gnome-shell) 1018401 85136 1103537
3255 (chrome) 605889 178945 784834
1756 (gnome-shell) 1018404 85136 1103540
3255 (chrome) 605896 178947 784843
1615 (Xorg) 198400 150601 349001
3220 (chrome) 261084 74283 335367
1524 (pulseaudio) 120918 189532 310450
1526 (tracker-miner-f) 178945 4490 183435
3259 (chrome) 92115 40601 132716
3807 (chrome) 64720 56577 121297
105963 (chrome) 78271 20578 98849
866 (mysqld) 10248 10955 21203
239 (irq/51-DELL089C) 0 20551 20551
643 (NetworkManager) 5776 4694 10470
1756 (gnome-shell) 1858273 150271 2008544
3255 (chrome) 1072743 316027 1388770
1524 (pulseaudio) 250619 403549 654168
132375 (zoom) 447119 143448 590567
1615 (Xorg) 312460 256470 568930
1756 (gnome-shell) 1858346 150287 2008633
3255 (chrome) 1073140 316127 1389267
1524 (pulseaudio) 250687 403673 654360
132375 (zoom) 447150 143477 590627
1615 (Xorg) 312596 256526 569122
3220 (chrome) 412489 117275 529764
153394 (chrome) 276218 34757 310975
3259 (chrome) 160555 64594 225149
1526 (tracker-miner-f) 206049 5126 211175
3807 (chrome) 95569 82467 178036
866 (mysqld) 18886 19396 38282
152226 (chrome) 29654 3150 32804
1756 (gnome-shell) 1858387 150295 2008682
3255 (chrome) 1073391 316201 1389592
1524 (pulseaudio) 250743 403748 654491
132375 (zoom) 447175 143493 590668
1615 (Xorg) 312662 256565 569227
3220 (chrome) 412581 117292 529873
153394 (chrome) 277835 34926 312761
3259 (chrome) 160601 64627 225228
1526 (tracker-miner-f) 206185 5129 211314
3807 (chrome) 95596 82492 178088
1790 (gnome-shell) 559895 39261 599156
2437 (chrome) 433701 118489 552190
7538 (zoom) 156435 75225 231660
1558 (pulseaudio) 60025 89817 149842
1648 (Xorg) 72112 66635 138747
1790 (gnome-shell) 559901 39262 599163
2437 (chrome) 433701 118489 552190
7538 (zoom) 156447 75234 231681
1558 (pulseaudio) 60025 89817 149842
1648 (Xorg) 72115 66635 138750
2383 (chrome) 87189 27313 114502
28986 (chrome) 96795 5969 102764
2439 (chrome) 39502 15709 55211
3880 (chrome) 45352 4841 50193
25806 (chrome) 38156 5098 43254
4529 (chrome) 22667 17264 39931
1790 (gnome-shell) 559917 39268 599185
2437 (chrome) 433701 118489 552190
7538 (zoom) 156454 75246 231700
1558 (pulseaudio) 60025 89817 149842
1648 (Xorg) 72125 66638 138763
1790 (gnome-shell) 569977 40406 610383
2437 (chrome) 439155 120189 559344
7538 (zoom) 160242 78450 238692
1558 (pulseaudio) 60175 89980 150155
1648 (Xorg) 75247 68697 143944
1790 (gnome-shell) 569981 40407 610388
1790 (gnome-shell) 569982 40407 610389
2437 (chrome) 439155 120189 559344
1790 (gnome-shell) 570043 40417 610460
2437 (chrome) 439156 120189 559345
7538 (zoom) 160266 78469 238735
1558 (pulseaudio) 60177 89981 150158
1648 (Xorg) 75278 68719 143997
2383 (chrome) 92126 28579 120705
28986 (chrome) 97379 6093 103472
2439 (chrome) 40775 15998 56773
3880 (chrome) 46041 4950 50991
25806 (chrome) 38307 5107 43414
